actividad	sujeto	TimeDomain_BodyAccelerometer_Mean_X	TimeDomain_BodyAccelerometer_Mean_X.1	TimeDomain_BodyAccelerometer_Mean_X.2	TimeDomain_BodyAccelerometer_Mean_X.3	TimeDomain_BodyAccelerometer_Mean_X.4	TimeDomain_BodyAccelerometer_Mean_X.5	actividad.1	actividad.2	actividad.3	actividad.4	actividad.5	actividad.6	actividad.7	actividad.8	actividad.9	actividad.10	actividad.11	actividad.12	actividad.13	actividad.14	actividad.15	actividad.16	actividad.17	actividad.18	actividad.19	actividad.20	actividad.21	actividad.22	actividad.23	actividad.24	actividad.25	actividad.26	actividad.27	actividad.28	actividad.29	actividad.30	actividad.31	actividad.32	actividad.33	actividad.34	TimeDomain_BodyAccelerometer_Mean_X.6	TimeDomain_BodyAccelerometer_Mean_X.7	TimeDomain_BodyAccelerometer_Mean_X.8	TimeDomain_BodyAccelerometer_Mean_X.9	TimeDomain_BodyAccelerometer_Mean_X.10	TimeDomain_BodyAccelerometer_Mean_X.11	actividad.35	actividad.36	actividad.37	actividad.38	actividad.39	actividad.40	actividad.41	actividad.42	actividad.43	actividad.44	actividad.45	actividad.46	actividad.47	actividad.48	actividad.49	actividad.50	actividad.51	actividad.52	actividad.53	actividad.54	actividad.55	actividad.56	actividad.57	actividad.58	actividad.59	actividad.60	actividad.61	actividad.62	actividad.63	actividad.64	actividad.65	actividad.66	actividad.67
LAYING	1	0.221598244	0.221598244	0.221598244	0.221598244	0.221598244	0.221598244	6	6	6	6	6	6	6	6	6	6	6	6	6	6	6	6	6	6	6	6	6	6	6	6	6	6	6	6	6	6	6	6	6	6	0.221598244	0.221598244	0.221598244	0.221598244	0.221598244	0.221598244	6	6	6	6	6	6	6	6	6	6	6	6	6	6	6	6	6	6	6	6	6	6	6	6	6	6	6	6	6	6	6	6	6
SITTING	1	0.261237565	0.261237565	0.261237565	0.261237565	0.261237565	0.261237565	4	4	4	4	4	4	4	4	4	4	4	4	4	4	4	4	4	4	4	4	4	4	4	4	4	4	4	4	4	4	4	4	4	4	0.261237565	0.261237565	0.261237565	0.261237565	0.261237565	0.261237565	4	4	4	4	4	4	4	4	4	4	4	4	4	4	4	4	4	4	4	4	4	4	4	4	4	4	4	4	4	4	4	4	4
STANDING	1	0.278917629	0.278917629	0.278917629	0.278917629	0.278917629	0.278917629	5	5	5	5	5	5	5	5	5	5	5	5	5	5	5	5	5	5	5	5	5	5	5	5	5	5	5	5	5	5	5	5	5	5	0.278917629	0.278917629	0.278917629	0.278917629	0.278917629	0.278917629	5	5	5	5	5	5	5	5	5	5	5	5	5	5	5	5	5	5	5	5	5	5	5	5	5	5	5	5	5	5	5	5	5
WALKING	1	0.277330759	0.277330759	0.277330759	0.277330759	0.277330759	0.277330759	1	1	1	1	1	1	1	1	1	1	1	1	1	1	1	1	1	1	1	1	1	1	1	1	1	1	1	1	1	1	1	1	1	1	0.277330759	0.277330759	0.277330759	0.277330759	0.277330759	0.277330759	1	1	1	1	1	1	1	1	1	1	1	1	1	1	1	1	1	1	1	1	1	1	1	1	1	1	1	1	1	1	1	1	1
WALKING_DOWNSTAIRS	1	0.28918832	0.28918832	0.28918832	0.28918832	0.28918832	0.28918832	3	3	3	3	3	3	3	3	3	3	3	3	3	3	3	3	3	3	3	3	3	3	3	3	3	3	3	3	3	3	3	3	3	3	0.28918832	0.28918832	0.28918832	0.28918832	0.28918832	0.28918832	3	3	3	3	3	3	3	3	3	3	3	3	3	3	3	3	3	3	3	3	3	3	3	3	3	3	3	3	3	3	3	3	3
WALKING_UPSTAIRS	1	0.25546169	0.25546169	0.25546169	0.25546169	0.25546169	0.25546169	2	2	2	2	2	2	2	2	2	2	2	2	2	2	2	2	2	2	2	2	2	2	2	2	2	2	2	2	2	2	2	2	2	2	0.25546169	0.25546169	0.25546169	0.25546169	0.25546169	0.25546169	2	2	2	2	2	2	2	2	2	2	2	2	2	2	2	2	2	2	2	2	2	2	2	2	2	2	2	2	2	2	2	2	2
LAYING	2	0.281373404	0.281373404	0.281373404	0.281373404	0.281373404	0.281373404	6	6	6	6	6	6	6	6	6	6	6	6	6	6	6	6	6	6	6	6	6	6	6	6	6	6	6	6	6	6	6	6	6	6	0.281373404	0.281373404	0.281373404	0.281373404	0.281373404	0.281373404	6	6	6	6	6	6	6	6	6	6	6	6	6	6	6	6	6	6	6	6	6	6	6	6	6	6	6	6	6	6	6	6	6
SITTING	2	0.277087352	0.277087352	0.277087352	0.277087352	0.277087352	0.277087352	4	4	4	4	4	4	4	4	4	4	4	4	4	4	4	4	4	4	4	4	4	4	4	4	4	4	4	4	4	4	4	4	4	4	0.277087352	0.277087352	0.277087352	0.277087352	0.277087352	0.277087352	4	4	4	4	4	4	4	4	4	4	4	4	4	4	4	4	4	4	4	4	4	4	4	4	4	4	4	4	4	4	4	4	4
STANDING	2	0.277911472	0.277911472	0.277911472	0.277911472	0.277911472	0.277911472	5	5	5	5	5	5	5	5	5	5	5	5	5	5	5	5	5	5	5	5	5	5	5	5	5	5	5	5	5	5	5	5	5	5	0.277911472	0.277911472	0.277911472	0.277911472	0.277911472	0.277911472	5	5	5	5	5	5	5	5	5	5	5	5	5	5	5	5	5	5	5	5	5	5	5	5	5	5	5	5	5	5	5	5	5
WALKING	2	0.276426586	0.276426586	0.276426586	0.276426586	0.276426586	0.276426586	1	1	1	1	1	1	1	1	1	1	1	1	1	1	1	1	1	1	1	1	1	1	1	1	1	1	1	1	1	1	1	1	1	1	0.276426586	0.276426586	0.276426586	0.276426586	0.276426586	0.276426586	1	1	1	1	1	1	1	1	1	1	1	1	1	1	1	1	1	1	1	1	1	1	1	1	1	1	1	1	1	1	1	1	1
WALKING_DOWNSTAIRS	2	0.277615348	0.277615348	0.277615348	0.277615348	0.277615348	0.277615348	3	3	3	3	3	3	3	3	3	3	3	3	3	3	3	3	3	3	3	3	3	3	3	3	3	3	3	3	3	3	3	3	3	3	0.277615348	0.277615348	0.277615348	0.277615348	0.277615348	0.277615348	3	3	3	3	3	3	3	3	3	3	3	3	3	3	3	3	3	3	3	3	3	3	3	3	3	3	3	3	3	3	3	3	3
WALKING_UPSTAIRS	2	0.24716479	0.24716479	0.24716479	0.24716479	0.24716479	0.24716479	2	2	2	2	2	2	2	2	2	2	2	2	2	2	2	2	2	2	2	2	2	2	2	2	2	2	2	2	2	2	2	2	2	2	0.24716479	0.24716479	0.24716479	0.24716479	0.24716479	0.24716479	2	2	2	2	2	2	2	2	2	2	2	2	2	2	2	2	2	2	2	2	2	2	2	2	2	2	2	2	2	2	2	2	2
LAYING	3	0.275516853	0.275516853	0.275516853	0.275516853	0.275516853	0.275516853	6	6	6	6	6	6	6	6	6	6	6	6	6	6	6	6	6	6	6	6	6	6	6	6	6	6	6	6	6	6	6	6	6	6	0.275516853	0.275516853	0.275516853	0.275516853	0.275516853	0.275516853	6	6	6	6	6	6	6	6	6	6	6	6	6	6	6	6	6	6	6	6	6	6	6	6	6	6	6	6	6	6	6	6	6
SITTING	3	0.257197599	0.257197599	0.257197599	0.257197599	0.257197599	0.257197599	4	4	4	4	4	4	4	4	4	4	4	4	4	4	4	4	4	4	4	4	4	4	4	4	4	4	4	4	4	4	4	4	4	4	0.257197599	0.257197599	0.257197599	0.257197599	0.257197599	0.257197599	4	4	4	4	4	4	4	4	4	4	4	4	4	4	4	4	4	4	4	4	4	4	4	4	4	4	4	4	4	4	4	4	4
STANDING	3	0.280046513	0.280046513	0.280046513	0.280046513	0.280046513	0.280046513	5	5	5	5	5	5	5	5	5	5	5	5	5	5	5	5	5	5	5	5	5	5	5	5	5	5	5	5	5	5	5	5	5	5	0.280046513	0.280046513	0.280046513	0.280046513	0.280046513	0.280046513	5	5	5	5	5	5	5	5	5	5	5	5	5	5	5	5	5	5	5	5	5	5	5	5	5	5	5	5	5	5	5	5	5
WALKING	3	0.275567462	0.275567462	0.275567462	0.275567462	0.275567462	0.275567462	1	1	1	1	1	1	1	1	1	1	1	1	1	1	1	1	1	1	1	1	1	1	1	1	1	1	1	1	1	1	1	1	1	1	0.275567462	0.275567462	0.275567462	0.275567462	0.275567462	0.275567462	1	1	1	1	1	1	1	1	1	1	1	1	1	1	1	1	1	1	1	1	1	1	1	1	1	1	1	1	1	1	1	1	1
WALKING_DOWNSTAIRS	3	0.292423485	0.292423485	0.292423485	0.292423485	0.292423485	0.292423485	3	3	3	3	3	3	3	3	3	3	3	3	3	3	3	3	3	3	3	3	3	3	3	3	3	3	3	3	3	3	3	3	3	3	0.292423485	0.292423485	0.292423485	0.292423485	0.292423485	0.292423485	3	3	3	3	3	3	3	3	3	3	3	3	3	3	3	3	3	3	3	3	3	3	3	3	3	3	3	3	3	3	3	3	3
WALKING_UPSTAIRS	3	0.260819873	0.260819873	0.260819873	0.260819873	0.260819873	0.260819873	2	2	2	2	2	2	2	2	2	2	2	2	2	2	2	2	2	2	2	2	2	2	2	2	2	2	2	2	2	2	2	2	2	2	0.260819873	0.260819873	0.260819873	0.260819873	0.260819873	0.260819873	2	2	2	2	2	2	2	2	2	2	2	2	2	2	2	2	2	2	2	2	2	2	2	2	2	2	2	2	2	2	2	2	2
LAYING	4	0.263559215	0.263559215	0.263559215	0.263559215	0.263559215	0.263559215	6	6	6	6	6	6	6	6	6	6	6	6	6	6	6	6	6	6	6	6	6	6	6	6	6	6	6	6	6	6	6	6	6	6	0.263559215	0.263559215	0.263559215	0.263559215	0.263559215	0.263559215	6	6	6	6	6	6	6	6	6	6	6	6	6	6	6	6	6	6	6	6	6	6	6	6	6	6	6	6	6	6	6	6	6
SITTING	4	0.27153828	0.27153828	0.27153828	0.27153828	0.27153828	0.27153828	4	4	4	4	4	4	4	4	4	4	4	4	4	4	4	4	4	4	4	4	4	4	4	4	4	4	4	4	4	4	4	4	4	4	0.27153828	0.27153828	0.27153828	0.27153828	0.27153828	0.27153828	4	4	4	4	4	4	4	4	4	4	4	4	4	4	4	4	4	4	4	4	4	4	4	4	4	4	4	4	4	4	4	4	4
STANDING	4	0.280499746	0.280499746	0.280499746	0.280499746	0.280499746	0.280499746	5	5	5	5	5	5	5	5	5	5	5	5	5	5	5	5	5	5	5	5	5	5	5	5	5	5	5	5	5	5	5	5	5	5	0.280499746	0.280499746	0.280499746	0.280499746	0.280499746	0.280499746	5	5	5	5	5	5	5	5	5	5	5	5	5	5	5	5	5	5	5	5	5	5	5	5	5	5	5	5	5	5	5	5	5
WALKING	4	0.278582015	0.278582015	0.278582015	0.278582015	0.278582015	0.278582015	1	1	1	1	1	1	1	1	1	1	1	1	1	1	1	1	1	1	1	1	1	1	1	1	1	1	1	1	1	1	1	1	1	1	0.278582015	0.278582015	0.278582015	0.278582015	0.278582015	0.278582015	1	1	1	1	1	1	1	1	1	1	1	1	1	1	1	1	1	1	1	1	1	1	1	1	1	1	1	1	1	1	1	1	1
WALKING_DOWNSTAIRS	4	0.27996533	0.27996533	0.27996533	0.27996533	0.27996533	0.27996533	3	3	3	3	3	3	3	3	3	3	3	3	3	3	3	3	3	3	3	3	3	3	3	3	3	3	3	3	3	3	3	3	3	3	0.27996533	0.27996533	0.27996533	0.27996533	0.27996533	0.27996533	3	3	3	3	3	3	3	3	3	3	3	3	3	3	3	3	3	3	3	3	3	3	3	3	3	3	3	3	3	3	3	3	3
WALKING_UPSTAIRS	4	0.270876697	0.270876697	0.270876697	0.270876697	0.270876697	0.270876697	2	2	2	2	2	2	2	2	2	2	2	2	2	2	2	2	2	2	2	2	2	2	2	2	2	2	2	2	2	2	2	2	2	2	0.270876697	0.270876697	0.270876697	0.270876697	0.270876697	0.270876697	2	2	2	2	2	2	2	2	2	2	2	2	2	2	2	2	2	2	2	2	2	2	2	2	2	2	2	2	2	2	2	2	2
LAYING	5	0.278334326	0.278334326	0.278334326	0.278334326	0.278334326	0.278334326	6	6	6	6	6	6	6	6	6	6	6	6	6	6	6	6	6	6	6	6	6	6	6	6	6	6	6	6	6	6	6	6	6	6	0.278334326	0.278334326	0.278334326	0.278334326	0.278334326	0.278334326	6	6	6	6	6	6	6	6	6	6	6	6	6	6	6	6	6	6	6	6	6	6	6	6	6	6	6	6	6	6	6	6	6
SITTING	5	0.27369414	0.27369414	0.27369414	0.27369414	0.27369414	0.27369414	4	4	4	4	4	4	4	4	4	4	4	4	4	4	4	4	4	4	4	4	4	4	4	4	4	4	4	4	4	4	4	4	4	4	0.27369414	0.27369414	0.27369414	0.27369414	0.27369414	0.27369414	4	4	4	4	4	4	4	4	4	4	4	4	4	4	4	4	4	4	4	4	4	4	4	4	4	4	4	4	4	4	4	4	4
STANDING	5	0.282544391	0.282544391	0.282544391	0.282544391	0.282544391	0.282544391	5	5	5	5	5	5	5	5	5	5	5	5	5	5	5	5	5	5	5	5	5	5	5	5	5	5	5	5	5	5	5	5	5	5	0.282544391	0.282544391	0.282544391	0.282544391	0.282544391	0.282544391	5	5	5	5	5	5	5	5	5	5	5	5	5	5	5	5	5	5	5	5	5	5	5	5	5	5	5	5	5	5	5	5	5
WALKING	5	0.277842346	0.277842346	0.277842346	0.277842346	0.277842346	0.277842346	1	1	1	1	1	1	1	1	1	1	1	1	1	1	1	1	1	1	1	1	1	1	1	1	1	1	1	1	1	1	1	1	1	1	0.277842346	0.277842346	0.277842346	0.277842346	0.277842346	0.277842346	1	1	1	1	1	1	1	1	1	1	1	1	1	1	1	1	1	1	1	1	1	1	1	1	1	1	1	1	1	1	1	1	1
WALKING_DOWNSTAIRS	5	0.293543927	0.293543927	0.293543927	0.293543927	0.293543927	0.293543927	3	3	3	3	3	3	3	3	3	3	3	3	3	3	3	3	3	3	3	3	3	3	3	3	3	3	3	3	3	3	3	3	3	3	0.293543927	0.293543927	0.293543927	0.293543927	0.293543927	0.293543927	3	3	3	3	3	3	3	3	3	3	3	3	3	3	3	3	3	3	3	3	3	3	3	3	3	3	3	3	3	3	3	3	3
WALKING_UPSTAIRS	5	0.26845947	0.26845947	0.26845947	0.26845947	0.26845947	0.26845947	2	2	2	2	2	2	2	2	2	2	2	2	2	2	2	2	2	2	2	2	2	2	2	2	2	2	2	2	2	2	2	2	2	2	0.26845947	0.26845947	0.26845947	0.26845947	0.26845947	0.26845947	2	2	2	2	2	2	2	2	2	2	2	2	2	2	2	2	2	2	2	2	2	2	2	2	2	2	2	2	2	2	2	2	2
LAYING	6	0.24865652	0.24865652	0.24865652	0.24865652	0.24865652	0.24865652	6	6	6	6	6	6	6	6	6	6	6	6	6	6	6	6	6	6	6	6	6	6	6	6	6	6	6	6	6	6	6	6	6	6	0.24865652	0.24865652	0.24865652	0.24865652	0.24865652	0.24865652	6	6	6	6	6	6	6	6	6	6	6	6	6	6	6	6	6	6	6	6	6	6	6	6	6	6	6	6	6	6	6	6	6
SITTING	6	0.276778487	0.276778487	0.276778487	0.276778487	0.276778487	0.276778487	4	4	4	4	4	4	4	4	4	4	4	4	4	4	4	4	4	4	4	4	4	4	4	4	4	4	4	4	4	4	4	4	4	4	0.276778487	0.276778487	0.276778487	0.276778487	0.276778487	0.276778487	4	4	4	4	4	4	4	4	4	4	4	4	4	4	4	4	4	4	4	4	4	4	4	4	4	4	4	4	4	4	4	4	4
STANDING	6	0.280346249	0.280346249	0.280346249	0.280346249	0.280346249	0.280346249	5	5	5	5	5	5	5	5	5	5	5	5	5	5	5	5	5	5	5	5	5	5	5	5	5	5	5	5	5	5	5	5	5	5	0.280346249	0.280346249	0.280346249	0.280346249	0.280346249	0.280346249	5	5	5	5	5	5	5	5	5	5	5	5	5	5	5	5	5	5	5	5	5	5	5	5	5	5	5	5	5	5	5	5	5
WALKING	6	0.283658868	0.283658868	0.283658868	0.283658868	0.283658868	0.283658868	1	1	1	1	1	1	1	1	1	1	1	1	1	1	1	1	1	1	1	1	1	1	1	1	1	1	1	1	1	1	1	1	1	1	0.283658868	0.283658868	0.283658868	0.283658868	0.283658868	0.283658868	1	1	1	1	1	1	1	1	1	1	1	1	1	1	1	1	1	1	1	1	1	1	1	1	1	1	1	1	1	1	1	1	1
WALKING_DOWNSTAIRS	6	0.277045258	0.277045258	0.277045258	0.277045258	0.277045258	0.277045258	3	3	3	3	3	3	3	3	3	3	3	3	3	3	3	3	3	3	3	3	3	3	3	3	3	3	3	3	3	3	3	3	3	3	0.277045258	0.277045258	0.277045258	0.277045258	0.277045258	0.277045258	3	3	3	3	3	3	3	3	3	3	3	3	3	3	3	3	3	3	3	3	3	3	3	3	3	3	3	3	3	3	3	3	3
WALKING_UPSTAIRS	6	0.268229355	0.268229355	0.268229355	0.268229355	0.268229355	0.268229355	2	2	2	2	2	2	2	2	2	2	2	2	2	2	2	2	2	2	2	2	2	2	2	2	2	2	2	2	2	2	2	2	2	2	0.268229355	0.268229355	0.268229355	0.268229355	0.268229355	0.268229355	2	2	2	2	2	2	2	2	2	2	2	2	2	2	2	2	2	2	2	2	2	2	2	2	2	2	2	2	2	2	2	2	2
LAYING	7	0.250176694	0.250176694	0.250176694	0.250176694	0.250176694	0.250176694	6	6	6	6	6	6	6	6	6	6	6	6	6	6	6	6	6	6	6	6	6	6	6	6	6	6	6	6	6	6	6	6	6	6	0.250176694	0.250176694	0.250176694	0.250176694	0.250176694	0.250176694	6	6	6	6	6	6	6	6	6	6	6	6	6	6	6	6	6	6	6	6	6	6	6	6	6	6	6	6	6	6	6	6	6
SITTING	7	0.284674637	0.284674637	0.284674637	0.284674637	0.284674637	0.284674637	4	4	4	4	4	4	4	4	4	4	4	4	4	4	4	4	4	4	4	4	4	4	4	4	4	4	4	4	4	4	4	4	4	4	0.284674637	0.284674637	0.284674637	0.284674637	0.284674637	0.284674637	4	4	4	4	4	4	4	4	4	4	4	4	4	4	4	4	4	4	4	4	4	4	4	4	4	4	4	4	4	4	4	4	4
STANDING	7	0.282723539	0.282723539	0.282723539	0.282723539	0.282723539	0.282723539	5	5	5	5	5	5	5	5	5	5	5	5	5	5	5	5	5	5	5	5	5	5	5	5	5	5	5	5	5	5	5	5	5	5	0.282723539	0.282723539	0.282723539	0.282723539	0.282723539	0.282723539	5	5	5	5	5	5	5	5	5	5	5	5	5	5	5	5	5	5	5	5	5	5	5	5	5	5	5	5	5	5	5	5	5
WALKING	7	0.275592962	0.275592962	0.275592962	0.275592962	0.275592962	0.275592962	1	1	1	1	1	1	1	1	1	1	1	1	1	1	1	1	1	1	1	1	1	1	1	1	1	1	1	1	1	1	1	1	1	1	0.275592962	0.275592962	0.275592962	0.275592962	0.275592962	0.275592962	1	1	1	1	1	1	1	1	1	1	1	1	1	1	1	1	1	1	1	1	1	1	1	1	1	1	1	1	1	1	1	1	1
WALKING_DOWNSTAIRS	7	0.28030708	0.28030708	0.28030708	0.28030708	0.28030708	0.28030708	3	3	3	3	3	3	3	3	3	3	3	3	3	3	3	3	3	3	3	3	3	3	3	3	3	3	3	3	3	3	3	3	3	3	0.28030708	0.28030708	0.28030708	0.28030708	0.28030708	0.28030708	3	3	3	3	3	3	3	3	3	3	3	3	3	3	3	3	3	3	3	3	3	3	3	3	3	3	3	3	3	3	3	3	3
WALKING_UPSTAIRS	7	0.248706923	0.248706923	0.248706923	0.248706923	0.248706923	0.248706923	2	2	2	2	2	2	2	2	2	2	2	2	2	2	2	2	2	2	2	2	2	2	2	2	2	2	2	2	2	2	2	2	2	2	0.248706923	0.248706923	0.248706923	0.248706923	0.248706923	0.248706923	2	2	2	2	2	2	2	2	2	2	2	2	2	2	2	2	2	2	2	2	2	2	2	2	2	2	2	2	2	2	2	2	2
LAYING	8	0.261254283	0.261254283	0.261254283	0.261254283	0.261254283	0.261254283	6	6	6	6	6	6	6	6	6	6	6	6	6	6	6	6	6	6	6	6	6	6	6	6	6	6	6	6	6	6	6	6	6	6	0.261254283	0.261254283	0.261254283	0.261254283	0.261254283	0.261254283	6	6	6	6	6	6	6	6	6	6	6	6	6	6	6	6	6	6	6	6	6	6	6	6	6	6	6	6	6	6	6	6	6
SITTING	8	0.267491473	0.267491473	0.267491473	0.267491473	0.267491473	0.267491473	4	4	4	4	4	4	4	4	4	4	4	4	4	4	4	4	4	4	4	4	4	4	4	4	4	4	4	4	4	4	4	4	4	4	0.267491473	0.267491473	0.267491473	0.267491473	0.267491473	0.267491473	4	4	4	4	4	4	4	4	4	4	4	4	4	4	4	4	4	4	4	4	4	4	4	4	4	4	4	4	4	4	4	4	4
STANDING	8	0.279620986	0.279620986	0.279620986	0.279620986	0.279620986	0.279620986	5	5	5	5	5	5	5	5	5	5	5	5	5	5	5	5	5	5	5	5	5	5	5	5	5	5	5	5	5	5	5	5	5	5	0.279620986	0.279620986	0.279620986	0.279620986	0.279620986	0.279620986	5	5	5	5	5	5	5	5	5	5	5	5	5	5	5	5	5	5	5	5	5	5	5	5	5	5	5	5	5	5	5	5	5
WALKING	8	0.27468631	0.27468631	0.27468631	0.27468631	0.27468631	0.27468631	1	1	1	1	1	1	1	1	1	1	1	1	1	1	1	1	1	1	1	1	1	1	1	1	1	1	1	1	1	1	1	1	1	1	0.27468631	0.27468631	0.27468631	0.27468631	0.27468631	0.27468631	1	1	1	1	1	1	1	1	1	1	1	1	1	1	1	1	1	1	1	1	1	1	1	1	1	1	1	1	1	1	1	1	1
WALKING_DOWNSTAIRS	8	0.283484089	0.283484089	0.283484089	0.283484089	0.283484089	0.283484089	3	3	3	3	3	3	3	3	3	3	3	3	3	3	3	3	3	3	3	3	3	3	3	3	3	3	3	3	3	3	3	3	3	3	0.283484089	0.283484089	0.283484089	0.283484089	0.283484089	0.283484089	3	3	3	3	3	3	3	3	3	3	3	3	3	3	3	3	3	3	3	3	3	3	3	3	3	3	3	3	3	3	3	3	3
WALKING_UPSTAIRS	8	0.258880152	0.258880152	0.258880152	0.258880152	0.258880152	0.258880152	2	2	2	2	2	2	2	2	2	2	2	2	2	2	2	2	2	2	2	2	2	2	2	2	2	2	2	2	2	2	2	2	2	2	0.258880152	0.258880152	0.258880152	0.258880152	0.258880152	0.258880152	2	2	2	2	2	2	2	2	2	2	2	2	2	2	2	2	2	2	2	2	2	2	2	2	2	2	2	2	2	2	2	2	2
LAYING	9	0.259195537	0.259195537	0.259195537	0.259195537	0.259195537	0.259195537	6	6	6	6	6	6	6	6	6	6	6	6	6	6	6	6	6	6	6	6	6	6	6	6	6	6	6	6	6	6	6	6	6	6	0.259195537	0.259195537	0.259195537	0.259195537	0.259195537	0.259195537	6	6	6	6	6	6	6	6	6	6	6	6	6	6	6	6	6	6	6	6	6	6	6	6	6	6	6	6	6	6	6	6	6
SITTING	9	0.248326744	0.248326744	0.248326744	0.248326744	0.248326744	0.248326744	4	4	4	4	4	4	4	4	4	4	4	4	4	4	4	4	4	4	4	4	4	4	4	4	4	4	4	4	4	4	4	4	4	4	0.248326744	0.248326744	0.248326744	0.248326744	0.248326744	0.248326744	4	4	4	4	4	4	4	4	4	4	4	4	4	4	4	4	4	4	4	4	4	4	4	4	4	4	4	4	4	4	4	4	4
STANDING	9	0.282310057	0.282310057	0.282310057	0.282310057	0.282310057	0.282310057	5	5	5	5	5	5	5	5	5	5	5	5	5	5	5	5	5	5	5	5	5	5	5	5	5	5	5	5	5	5	5	5	5	5	0.282310057	0.282310057	0.282310057	0.282310057	0.282310057	0.282310057	5	5	5	5	5	5	5	5	5	5	5	5	5	5	5	5	5	5	5	5	5	5	5	5	5	5	5	5	5	5	5	5	5
WALKING	9	0.278502842	0.278502842	0.278502842	0.278502842	0.278502842	0.278502842	1	1	1	1	1	1	1	1	1	1	1	1	1	1	1	1	1	1	1	1	1	1	1	1	1	1	1	1	1	1	1	1	1	1	0.278502842	0.278502842	0.278502842	0.278502842	0.278502842	0.278502842	1	1	1	1	1	1	1	1	1	1	1	1	1	1	1	1	1	1	1	1	1	1	1	1	1	1	1	1	1	1	1	1	1
WALKING_DOWNSTAIRS	9	0.295923445	0.295923445	0.295923445	0.295923445	0.295923445	0.295923445	3	3	3	3	3	3	3	3	3	3	3	3	3	3	3	3	3	3	3	3	3	3	3	3	3	3	3	3	3	3	3	3	3	3	0.295923445	0.295923445	0.295923445	0.295923445	0.295923445	0.295923445	3	3	3	3	3	3	3	3	3	3	3	3	3	3	3	3	3	3	3	3	3	3	3	3	3	3	3	3	3	3	3	3	3
WALKING_UPSTAIRS	9	0.262436476	0.262436476	0.262436476	0.262436476	0.262436476	0.262436476	2	2	2	2	2	2	2	2	2	2	2	2	2	2	2	2	2	2	2	2	2	2	2	2	2	2	2	2	2	2	2	2	2	2	0.262436476	0.262436476	0.262436476	0.262436476	0.262436476	0.262436476	2	2	2	2	2	2	2	2	2	2	2	2	2	2	2	2	2	2	2	2	2	2	2	2	2	2	2	2	2	2	2	2	2
LAYING	10	0.280230574	0.280230574	0.280230574	0.280230574	0.280230574	0.280230574	6	6	6	6	6	6	6	6	6	6	6	6	6	6	6	6	6	6	6	6	6	6	6	6	6	6	6	6	6	6	6	6	6	6	0.280230574	0.280230574	0.280230574	0.280230574	0.280230574	0.280230574	6	6	6	6	6	6	6	6	6	6	6	6	6	6	6	6	6	6	6	6	6	6	6	6	6	6	6	6	6	6	6	6	6
SITTING	10	0.270612056	0.270612056	0.270612056	0.270612056	0.270612056	0.270612056	4	4	4	4	4	4	4	4	4	4	4	4	4	4	4	4	4	4	4	4	4	4	4	4	4	4	4	4	4	4	4	4	4	4	0.270612056	0.270612056	0.270612056	0.270612056	0.270612056	0.270612056	4	4	4	4	4	4	4	4	4	4	4	4	4	4	4	4	4	4	4	4	4	4	4	4	4	4	4	4	4	4	4	4	4
STANDING	10	0.276650301	0.276650301	0.276650301	0.276650301	0.276650301	0.276650301	5	5	5	5	5	5	5	5	5	5	5	5	5	5	5	5	5	5	5	5	5	5	5	5	5	5	5	5	5	5	5	5	5	5	0.276650301	0.276650301	0.276650301	0.276650301	0.276650301	0.276650301	5	5	5	5	5	5	5	5	5	5	5	5	5	5	5	5	5	5	5	5	5	5	5	5	5	5	5	5	5	5	5	5	5
WALKING	10	0.278574077	0.278574077	0.278574077	0.278574077	0.278574077	0.278574077	1	1	1	1	1	1	1	1	1	1	1	1	1	1	1	1	1	1	1	1	1	1	1	1	1	1	1	1	1	1	1	1	1	1	0.278574077	0.278574077	0.278574077	0.278574077	0.278574077	0.278574077	1	1	1	1	1	1	1	1	1	1	1	1	1	1	1	1	1	1	1	1	1	1	1	1	1	1	1	1	1	1	1	1	1
WALKING_DOWNSTAIRS	10	0.290401594	0.290401594	0.290401594	0.290401594	0.290401594	0.290401594	3	3	3	3	3	3	3	3	3	3	3	3	3	3	3	3	3	3	3	3	3	3	3	3	3	3	3	3	3	3	3	3	3	3	0.290401594	0.290401594	0.290401594	0.290401594	0.290401594	0.290401594	3	3	3	3	3	3	3	3	3	3	3	3	3	3	3	3	3	3	3	3	3	3	3	3	3	3	3	3	3	3	3	3	3
WALKING_UPSTAIRS	10	0.267121853	0.267121853	0.267121853	0.267121853	0.267121853	0.267121853	2	2	2	2	2	2	2	2	2	2	2	2	2	2	2	2	2	2	2	2	2	2	2	2	2	2	2	2	2	2	2	2	2	2	0.267121853	0.267121853	0.267121853	0.267121853	0.267121853	0.267121853	2	2	2	2	2	2	2	2	2	2	2	2	2	2	2	2	2	2	2	2	2	2	2	2	2	2	2	2	2	2	2	2	2
LAYING	11	0.280592971	0.280592971	0.280592971	0.280592971	0.280592971	0.280592971	6	6	6	6	6	6	6	6	6	6	6	6	6	6	6	6	6	6	6	6	6	6	6	6	6	6	6	6	6	6	6	6	6	6	0.280592971	0.280592971	0.280592971	0.280592971	0.280592971	0.280592971	6	6	6	6	6	6	6	6	6	6	6	6	6	6	6	6	6	6	6	6	6	6	6	6	6	6	6	6	6	6	6	6	6
SITTING	11	0.276590197	0.276590197	0.276590197	0.276590197	0.276590197	0.276590197	4	4	4	4	4	4	4	4	4	4	4	4	4	4	4	4	4	4	4	4	4	4	4	4	4	4	4	4	4	4	4	4	4	4	0.276590197	0.276590197	0.276590197	0.276590197	0.276590197	0.276590197	4	4	4	4	4	4	4	4	4	4	4	4	4	4	4	4	4	4	4	4	4	4	4	4	4	4	4	4	4	4	4	4	4
STANDING	11	0.277715563	0.277715563	0.277715563	0.277715563	0.277715563	0.277715563	5	5	5	5	5	5	5	5	5	5	5	5	5	5	5	5	5	5	5	5	5	5	5	5	5	5	5	5	5	5	5	5	5	5	0.277715563	0.277715563	0.277715563	0.277715563	0.277715563	0.277715563	5	5	5	5	5	5	5	5	5	5	5	5	5	5	5	5	5	5	5	5	5	5	5	5	5	5	5	5	5	5	5	5	5
WALKING	11	0.271821893	0.271821893	0.271821893	0.271821893	0.271821893	0.271821893	1	1	1	1	1	1	1	1	1	1	1	1	1	1	1	1	1	1	1	1	1	1	1	1	1	1	1	1	1	1	1	1	1	1	0.271821893	0.271821893	0.271821893	0.271821893	0.271821893	0.271821893	1	1	1	1	1	1	1	1	1	1	1	1	1	1	1	1	1	1	1	1	1	1	1	1	1	1	1	1	1	1	1	1	1
WALKING_DOWNSTAIRS	11	0.291605632	0.291605632	0.291605632	0.291605632	0.291605632	0.291605632	3	3	3	3	3	3	3	3	3	3	3	3	3	3	3	3	3	3	3	3	3	3	3	3	3	3	3	3	3	3	3	3	3	3	0.291605632	0.291605632	0.291605632	0.291605632	0.291605632	0.291605632	3	3	3	3	3	3	3	3	3	3	3	3	3	3	3	3	3	3	3	3	3	3	3	3	3	3	3	3	3	3	3	3	3
WALKING_UPSTAIRS	11	0.263775859	0.263775859	0.263775859	0.263775859	0.263775859	0.263775859	2	2	2	2	2	2	2	2	2	2	2	2	2	2	2	2	2	2	2	2	2	2	2	2	2	2	2	2	2	2	2	2	2	2	0.263775859	0.263775859	0.263775859	0.263775859	0.263775859	0.263775859	2	2	2	2	2	2	2	2	2	2	2	2	2	2	2	2	2	2	2	2	2	2	2	2	2	2	2	2	2	2	2	2	2
LAYING	12	0.260113433	0.260113433	0.260113433	0.260113433	0.260113433	0.260113433	6	6	6	6	6	6	6	6	6	6	6	6	6	6	6	6	6	6	6	6	6	6	6	6	6	6	6	6	6	6	6	6	6	6	0.260113433	0.260113433	0.260113433	0.260113433	0.260113433	0.260113433	6	6	6	6	6	6	6	6	6	6	6	6	6	6	6	6	6	6	6	6	6	6	6	6	6	6	6	6	6	6	6	6	6
SITTING	12	0.275007225	0.275007225	0.275007225	0.275007225	0.275007225	0.275007225	4	4	4	4	4	4	4	4	4	4	4	4	4	4	4	4	4	4	4	4	4	4	4	4	4	4	4	4	4	4	4	4	4	4	0.275007225	0.275007225	0.275007225	0.275007225	0.275007225	0.275007225	4	4	4	4	4	4	4	4	4	4	4	4	4	4	4	4	4	4	4	4	4	4	4	4	4	4	4	4	4	4	4	4	4
STANDING	12	0.277405835	0.277405835	0.277405835	0.277405835	0.277405835	0.277405835	5	5	5	5	5	5	5	5	5	5	5	5	5	5	5	5	5	5	5	5	5	5	5	5	5	5	5	5	5	5	5	5	5	5	0.277405835	0.277405835	0.277405835	0.277405835	0.277405835	0.277405835	5	5	5	5	5	5	5	5	5	5	5	5	5	5	5	5	5	5	5	5	5	5	5	5	5	5	5	5	5	5	5	5	5
WALKING	12	0.277128666	0.277128666	0.277128666	0.277128666	0.277128666	0.277128666	1	1	1	1	1	1	1	1	1	1	1	1	1	1	1	1	1	1	1	1	1	1	1	1	1	1	1	1	1	1	1	1	1	1	0.277128666	0.277128666	0.277128666	0.277128666	0.277128666	0.277128666	1	1	1	1	1	1	1	1	1	1	1	1	1	1	1	1	1	1	1	1	1	1	1	1	1	1	1	1	1	1	1	1	1
WALKING_DOWNSTAIRS	12	0.281521097	0.281521097	0.281521097	0.281521097	0.281521097	0.281521097	3	3	3	3	3	3	3	3	3	3	3	3	3	3	3	3	3	3	3	3	3	3	3	3	3	3	3	3	3	3	3	3	3	3	0.281521097	0.281521097	0.281521097	0.281521097	0.281521097	0.281521097	3	3	3	3	3	3	3	3	3	3	3	3	3	3	3	3	3	3	3	3	3	3	3	3	3	3	3	3	3	3	3	3	3
WALKING_UPSTAIRS	12	0.272970339	0.272970339	0.272970339	0.272970339	0.272970339	0.272970339	2	2	2	2	2	2	2	2	2	2	2	2	2	2	2	2	2	2	2	2	2	2	2	2	2	2	2	2	2	2	2	2	2	2	0.272970339	0.272970339	0.272970339	0.272970339	0.272970339	0.272970339	2	2	2	2	2	2	2	2	2	2	2	2	2	2	2	2	2	2	2	2	2	2	2	2	2	2	2	2	2	2	2	2	2
LAYING	13	0.27671636	0.27671636	0.27671636	0.27671636	0.27671636	0.27671636	6	6	6	6	6	6	6	6	6	6	6	6	6	6	6	6	6	6	6	6	6	6	6	6	6	6	6	6	6	6	6	6	6	6	0.27671636	0.27671636	0.27671636	0.27671636	0.27671636	0.27671636	6	6	6	6	6	6	6	6	6	6	6	6	6	6	6	6	6	6	6	6	6	6	6	6	6	6	6	6	6	6	6	6	6
SITTING	13	0.2743285	0.2743285	0.2743285	0.2743285	0.2743285	0.2743285	4	4	4	4	4	4	4	4	4	4	4	4	4	4	4	4	4	4	4	4	4	4	4	4	4	4	4	4	4	4	4	4	4	4	0.2743285	0.2743285	0.2743285	0.2743285	0.2743285	0.2743285	4	4	4	4	4	4	4	4	4	4	4	4	4	4	4	4	4	4	4	4	4	4	4	4	4	4	4	4	4	4	4	4	4
STANDING	13	0.277758431	0.277758431	0.277758431	0.277758431	0.277758431	0.277758431	5	5	5	5	5	5	5	5	5	5	5	5	5	5	5	5	5	5	5	5	5	5	5	5	5	5	5	5	5	5	5	5	5	5	0.277758431	0.277758431	0.277758431	0.277758431	0.277758431	0.277758431	5	5	5	5	5	5	5	5	5	5	5	5	5	5	5	5	5	5	5	5	5	5	5	5	5	5	5	5	5	5	5	5	5
WALKING	13	0.27588313	0.27588313	0.27588313	0.27588313	0.27588313	0.27588313	1	1	1	1	1	1	1	1	1	1	1	1	1	1	1	1	1	1	1	1	1	1	1	1	1	1	1	1	1	1	1	1	1	1	0.27588313	0.27588313	0.27588313	0.27588313	0.27588313	0.27588313	1	1	1	1	1	1	1	1	1	1	1	1	1	1	1	1	1	1	1	1	1	1	1	1	1	1	1	1	1	1	1	1	1
WALKING_DOWNSTAIRS	13	0.294907553	0.294907553	0.294907553	0.294907553	0.294907553	0.294907553	3	3	3	3	3	3	3	3	3	3	3	3	3	3	3	3	3	3	3	3	3	3	3	3	3	3	3	3	3	3	3	3	3	3	0.294907553	0.294907553	0.294907553	0.294907553	0.294907553	0.294907553	3	3	3	3	3	3	3	3	3	3	3	3	3	3	3	3	3	3	3	3	3	3	3	3	3	3	3	3	3	3	3	3	3
WALKING_UPSTAIRS	13	0.25820394	0.25820394	0.25820394	0.25820394	0.25820394	0.25820394	2	2	2	2	2	2	2	2	2	2	2	2	2	2	2	2	2	2	2	2	2	2	2	2	2	2	2	2	2	2	2	2	2	2	0.25820394	0.25820394	0.25820394	0.25820394	0.25820394	0.25820394	2	2	2	2	2	2	2	2	2	2	2	2	2	2	2	2	2	2	2	2	2	2	2	2	2	2	2	2	2	2	2	2	2
LAYING	14	0.23327544	0.23327544	0.23327544	0.23327544	0.23327544	0.23327544	6	6	6	6	6	6	6	6	6	6	6	6	6	6	6	6	6	6	6	6	6	6	6	6	6	6	6	6	6	6	6	6	6	6	0.23327544	0.23327544	0.23327544	0.23327544	0.23327544	0.23327544	6	6	6	6	6	6	6	6	6	6	6	6	6	6	6	6	6	6	6	6	6	6	6	6	6	6	6	6	6	6	6	6	6
SITTING	14	0.279990577	0.279990577	0.279990577	0.279990577	0.279990577	0.279990577	4	4	4	4	4	4	4	4	4	4	4	4	4	4	4	4	4	4	4	4	4	4	4	4	4	4	4	4	4	4	4	4	4	4	0.279990577	0.279990577	0.279990577	0.279990577	0.279990577	0.279990577	4	4	4	4	4	4	4	4	4	4	4	4	4	4	4	4	4	4	4	4	4	4	4	4	4	4	4	4	4	4	4	4	4
STANDING	14	0.280545614	0.280545614	0.280545614	0.280545614	0.280545614	0.280545614	5	5	5	5	5	5	5	5	5	5	5	5	5	5	5	5	5	5	5	5	5	5	5	5	5	5	5	5	5	5	5	5	5	5	0.280545614	0.280545614	0.280545614	0.280545614	0.280545614	0.280545614	5	5	5	5	5	5	5	5	5	5	5	5	5	5	5	5	5	5	5	5	5	5	5	5	5	5	5	5	5	5	5	5	5
WALKING	14	0.271959599	0.271959599	0.271959599	0.271959599	0.271959599	0.271959599	1	1	1	1	1	1	1	1	1	1	1	1	1	1	1	1	1	1	1	1	1	1	1	1	1	1	1	1	1	1	1	1	1	1	0.271959599	0.271959599	0.271959599	0.271959599	0.271959599	0.271959599	1	1	1	1	1	1	1	1	1	1	1	1	1	1	1	1	1	1	1	1	1	1	1	1	1	1	1	1	1	1	1	1	1
WALKING_DOWNSTAIRS	14	0.293422116	0.293422116	0.293422116	0.293422116	0.293422116	0.293422116	3	3	3	3	3	3	3	3	3	3	3	3	3	3	3	3	3	3	3	3	3	3	3	3	3	3	3	3	3	3	3	3	3	3	0.293422116	0.293422116	0.293422116	0.293422116	0.293422116	0.293422116	3	3	3	3	3	3	3	3	3	3	3	3	3	3	3	3	3	3	3	3	3	3	3	3	3	3	3	3	3	3	3	3	3
WALKING_UPSTAIRS	14	0.262421066	0.262421066	0.262421066	0.262421066	0.262421066	0.262421066	2	2	2	2	2	2	2	2	2	2	2	2	2	2	2	2	2	2	2	2	2	2	2	2	2	2	2	2	2	2	2	2	2	2	0.262421066	0.262421066	0.262421066	0.262421066	0.262421066	0.262421066	2	2	2	2	2	2	2	2	2	2	2	2	2	2	2	2	2	2	2	2	2	2	2	2	2	2	2	2	2	2	2	2	2
LAYING	15	0.289475653	0.289475653	0.289475653	0.289475653	0.289475653	0.289475653	6	6	6	6	6	6	6	6	6	6	6	6	6	6	6	6	6	6	6	6	6	6	6	6	6	6	6	6	6	6	6	6	6	6	0.289475653	0.289475653	0.289475653	0.289475653	0.289475653	0.289475653	6	6	6	6	6	6	6	6	6	6	6	6	6	6	6	6	6	6	6	6	6	6	6	6	6	6	6	6	6	6	6	6	6
SITTING	15	0.27290338	0.27290338	0.27290338	0.27290338	0.27290338	0.27290338	4	4	4	4	4	4	4	4	4	4	4	4	4	4	4	4	4	4	4	4	4	4	4	4	4	4	4	4	4	4	4	4	4	4	0.27290338	0.27290338	0.27290338	0.27290338	0.27290338	0.27290338	4	4	4	4	4	4	4	4	4	4	4	4	4	4	4	4	4	4	4	4	4	4	4	4	4	4	4	4	4	4	4	4	4
STANDING	15	0.278915804	0.278915804	0.278915804	0.278915804	0.278915804	0.278915804	5	5	5	5	5	5	5	5	5	5	5	5	5	5	5	5	5	5	5	5	5	5	5	5	5	5	5	5	5	5	5	5	5	5	0.278915804	0.278915804	0.278915804	0.278915804	0.278915804	0.278915804	5	5	5	5	5	5	5	5	5	5	5	5	5	5	5	5	5	5	5	5	5	5	5	5	5	5	5	5	5	5	5	5	5
WALKING	15	0.273899208	0.273899208	0.273899208	0.273899208	0.273899208	0.273899208	1	1	1	1	1	1	1	1	1	1	1	1	1	1	1	1	1	1	1	1	1	1	1	1	1	1	1	1	1	1	1	1	1	1	0.273899208	0.273899208	0.273899208	0.273899208	0.273899208	0.273899208	1	1	1	1	1	1	1	1	1	1	1	1	1	1	1	1	1	1	1	1	1	1	1	1	1	1	1	1	1	1	1	1	1
WALKING_DOWNSTAIRS	15	0.280198851	0.280198851	0.280198851	0.280198851	0.280198851	0.280198851	3	3	3	3	3	3	3	3	3	3	3	3	3	3	3	3	3	3	3	3	3	3	3	3	3	3	3	3	3	3	3	3	3	3	0.280198851	0.280198851	0.280198851	0.280198851	0.280198851	0.280198851	3	3	3	3	3	3	3	3	3	3	3	3	3	3	3	3	3	3	3	3	3	3	3	3	3	3	3	3	3	3	3	3	3
WALKING_UPSTAIRS	15	0.270187596	0.270187596	0.270187596	0.270187596	0.270187596	0.270187596	2	2	2	2	2	2	2	2	2	2	2	2	2	2	2	2	2	2	2	2	2	2	2	2	2	2	2	2	2	2	2	2	2	2	0.270187596	0.270187596	0.270187596	0.270187596	0.270187596	0.270187596	2	2	2	2	2	2	2	2	2	2	2	2	2	2	2	2	2	2	2	2	2	2	2	2	2	2	2	2	2	2	2	2	2
LAYING	16	0.274227163	0.274227163	0.274227163	0.274227163	0.274227163	0.274227163	6	6	6	6	6	6	6	6	6	6	6	6	6	6	6	6	6	6	6	6	6	6	6	6	6	6	6	6	6	6	6	6	6	6	0.274227163	0.274227163	0.274227163	0.274227163	0.274227163	0.274227163	6	6	6	6	6	6	6	6	6	6	6	6	6	6	6	6	6	6	6	6	6	6	6	6	6	6	6	6	6	6	6	6	6
SITTING	16	0.280768574	0.280768574	0.280768574	0.280768574	0.280768574	0.280768574	4	4	4	4	4	4	4	4	4	4	4	4	4	4	4	4	4	4	4	4	4	4	4	4	4	4	4	4	4	4	4	4	4	4	0.280768574	0.280768574	0.280768574	0.280768574	0.280768574	0.280768574	4	4	4	4	4	4	4	4	4	4	4	4	4	4	4	4	4	4	4	4	4	4	4	4	4	4	4	4	4	4	4	4	4
STANDING	16	0.283497403	0.283497403	0.283497403	0.283497403	0.283497403	0.283497403	5	5	5	5	5	5	5	5	5	5	5	5	5	5	5	5	5	5	5	5	5	5	5	5	5	5	5	5	5	5	5	5	5	5	0.283497403	0.283497403	0.283497403	0.283497403	0.283497403	0.283497403	5	5	5	5	5	5	5	5	5	5	5	5	5	5	5	5	5	5	5	5	5	5	5	5	5	5	5	5	5	5	5	5	5
WALKING	16	0.276023565	0.276023565	0.276023565	0.276023565	0.276023565	0.276023565	1	1	1	1	1	1	1	1	1	1	1	1	1	1	1	1	1	1	1	1	1	1	1	1	1	1	1	1	1	1	1	1	1	1	0.276023565	0.276023565	0.276023565	0.276023565	0.276023565	0.276023565	1	1	1	1	1	1	1	1	1	1	1	1	1	1	1	1	1	1	1	1	1	1	1	1	1	1	1	1	1	1	1	1	1
WALKING_DOWNSTAIRS	16	0.295586802	0.295586802	0.295586802	0.295586802	0.295586802	0.295586802	3	3	3	3	3	3	3	3	3	3	3	3	3	3	3	3	3	3	3	3	3	3	3	3	3	3	3	3	3	3	3	3	3	3	0.295586802	0.295586802	0.295586802	0.295586802	0.295586802	0.295586802	3	3	3	3	3	3	3	3	3	3	3	3	3	3	3	3	3	3	3	3	3	3	3	3	3	3	3	3	3	3	3	3	3
WALKING_UPSTAIRS	16	0.255986103	0.255986103	0.255986103	0.255986103	0.255986103	0.255986103	2	2	2	2	2	2	2	2	2	2	2	2	2	2	2	2	2	2	2	2	2	2	2	2	2	2	2	2	2	2	2	2	2	2	0.255986103	0.255986103	0.255986103	0.255986103	0.255986103	0.255986103	2	2	2	2	2	2	2	2	2	2	2	2	2	2	2	2	2	2	2	2	2	2	2	2	2	2	2	2	2	2	2	2	2
LAYING	17	0.269780086	0.269780086	0.269780086	0.269780086	0.269780086	0.269780086	6	6	6	6	6	6	6	6	6	6	6	6	6	6	6	6	6	6	6	6	6	6	6	6	6	6	6	6	6	6	6	6	6	6	0.269780086	0.269780086	0.269780086	0.269780086	0.269780086	0.269780086	6	6	6	6	6	6	6	6	6	6	6	6	6	6	6	6	6	6	6	6	6	6	6	6	6	6	6	6	6	6	6	6	6
SITTING	17	0.27735702	0.27735702	0.27735702	0.27735702	0.27735702	0.27735702	4	4	4	4	4	4	4	4	4	4	4	4	4	4	4	4	4	4	4	4	4	4	4	4	4	4	4	4	4	4	4	4	4	4	0.27735702	0.27735702	0.27735702	0.27735702	0.27735702	0.27735702	4	4	4	4	4	4	4	4	4	4	4	4	4	4	4	4	4	4	4	4	4	4	4	4	4	4	4	4	4	4	4	4	4
STANDING	17	0.277942503	0.277942503	0.277942503	0.277942503	0.277942503	0.277942503	5	5	5	5	5	5	5	5	5	5	5	5	5	5	5	5	5	5	5	5	5	5	5	5	5	5	5	5	5	5	5	5	5	5	0.277942503	0.277942503	0.277942503	0.277942503	0.277942503	0.277942503	5	5	5	5	5	5	5	5	5	5	5	5	5	5	5	5	5	5	5	5	5	5	5	5	5	5	5	5	5	5	5	5	5
WALKING	17	0.272341855	0.272341855	0.272341855	0.272341855	0.272341855	0.272341855	1	1	1	1	1	1	1	1	1	1	1	1	1	1	1	1	1	1	1	1	1	1	1	1	1	1	1	1	1	1	1	1	1	1	0.272341855	0.272341855	0.272341855	0.272341855	0.272341855	0.272341855	1	1	1	1	1	1	1	1	1	1	1	1	1	1	1	1	1	1	1	1	1	1	1	1	1	1	1	1	1	1	1	1	1
WALKING_DOWNSTAIRS	17	0.293918283	0.293918283	0.293918283	0.293918283	0.293918283	0.293918283	3	3	3	3	3	3	3	3	3	3	3	3	3	3	3	3	3	3	3	3	3	3	3	3	3	3	3	3	3	3	3	3	3	3	0.293918283	0.293918283	0.293918283	0.293918283	0.293918283	0.293918283	3	3	3	3	3	3	3	3	3	3	3	3	3	3	3	3	3	3	3	3	3	3	3	3	3	3	3	3	3	3	3	3	3
WALKING_UPSTAIRS	17	0.252604769	0.252604769	0.252604769	0.252604769	0.252604769	0.252604769	2	2	2	2	2	2	2	2	2	2	2	2	2	2	2	2	2	2	2	2	2	2	2	2	2	2	2	2	2	2	2	2	2	2	0.252604769	0.252604769	0.252604769	0.252604769	0.252604769	0.252604769	2	2	2	2	2	2	2	2	2	2	2	2	2	2	2	2	2	2	2	2	2	2	2	2	2	2	2	2	2	2	2	2	2
LAYING	18	0.274691577	0.274691577	0.274691577	0.274691577	0.274691577	0.274691577	6	6	6	6	6	6	6	6	6	6	6	6	6	6	6	6	6	6	6	6	6	6	6	6	6	6	6	6	6	6	6	6	6	6	0.274691577	0.274691577	0.274691577	0.274691577	0.274691577	0.274691577	6	6	6	6	6	6	6	6	6	6	6	6	6	6	6	6	6	6	6	6	6	6	6	6	6	6	6	6	6	6	6	6	6
SITTING	18	0.277270019	0.277270019	0.277270019	0.277270019	0.277270019	0.277270019	4	4	4	4	4	4	4	4	4	4	4	4	4	4	4	4	4	4	4	4	4	4	4	4	4	4	4	4	4	4	4	4	4	4	0.277270019	0.277270019	0.277270019	0.277270019	0.277270019	0.277270019	4	4	4	4	4	4	4	4	4	4	4	4	4	4	4	4	4	4	4	4	4	4	4	4	4	4	4	4	4	4	4	4	4
STANDING	18	0.278458806	0.278458806	0.278458806	0.278458806	0.278458806	0.278458806	5	5	5	5	5	5	5	5	5	5	5	5	5	5	5	5	5	5	5	5	5	5	5	5	5	5	5	5	5	5	5	5	5	5	0.278458806	0.278458806	0.278458806	0.278458806	0.278458806	0.278458806	5	5	5	5	5	5	5	5	5	5	5	5	5	5	5	5	5	5	5	5	5	5	5	5	5	5	5	5	5	5	5	5	5
WALKING	18	0.273887759	0.273887759	0.273887759	0.273887759	0.273887759	0.273887759	1	1	1	1	1	1	1	1	1	1	1	1	1	1	1	1	1	1	1	1	1	1	1	1	1	1	1	1	1	1	1	1	1	1	0.273887759	0.273887759	0.273887759	0.273887759	0.273887759	0.273887759	1	1	1	1	1	1	1	1	1	1	1	1	1	1	1	1	1	1	1	1	1	1	1	1	1	1	1	1	1	1	1	1	1
WALKING_DOWNSTAIRS	18	0.288439469	0.288439469	0.288439469	0.288439469	0.288439469	0.288439469	3	3	3	3	3	3	3	3	3	3	3	3	3	3	3	3	3	3	3	3	3	3	3	3	3	3	3	3	3	3	3	3	3	3	0.288439469	0.288439469	0.288439469	0.288439469	0.288439469	0.288439469	3	3	3	3	3	3	3	3	3	3	3	3	3	3	3	3	3	3	3	3	3	3	3	3	3	3	3	3	3	3	3	3	3
WALKING_UPSTAIRS	18	0.265401202	0.265401202	0.265401202	0.265401202	0.265401202	0.265401202	2	2	2	2	2	2	2	2	2	2	2	2	2	2	2	2	2	2	2	2	2	2	2	2	2	2	2	2	2	2	2	2	2	2	0.265401202	0.265401202	0.265401202	0.265401202	0.265401202	0.265401202	2	2	2	2	2	2	2	2	2	2	2	2	2	2	2	2	2	2	2	2	2	2	2	2	2	2	2	2	2	2	2	2	2
LAYING	19	0.272653733	0.272653733	0.272653733	0.272653733	0.272653733	0.272653733	6	6	6	6	6	6	6	6	6	6	6	6	6	6	6	6	6	6	6	6	6	6	6	6	6	6	6	6	6	6	6	6	6	6	0.272653733	0.272653733	0.272653733	0.272653733	0.272653733	0.272653733	6	6	6	6	6	6	6	6	6	6	6	6	6	6	6	6	6	6	6	6	6	6	6	6	6	6	6	6	6	6	6	6	6
SITTING	19	0.273830316	0.273830316	0.273830316	0.273830316	0.273830316	0.273830316	4	4	4	4	4	4	4	4	4	4	4	4	4	4	4	4	4	4	4	4	4	4	4	4	4	4	4	4	4	4	4	4	4	4	0.273830316	0.273830316	0.273830316	0.273830316	0.273830316	0.273830316	4	4	4	4	4	4	4	4	4	4	4	4	4	4	4	4	4	4	4	4	4	4	4	4	4	4	4	4	4	4	4	4	4
STANDING	19	0.27817226	0.27817226	0.27817226	0.27817226	0.27817226	0.27817226	5	5	5	5	5	5	5	5	5	5	5	5	5	5	5	5	5	5	5	5	5	5	5	5	5	5	5	5	5	5	5	5	5	5	0.27817226	0.27817226	0.27817226	0.27817226	0.27817226	0.27817226	5	5	5	5	5	5	5	5	5	5	5	5	5	5	5	5	5	5	5	5	5	5	5	5	5	5	5	5	5	5	5	5	5
WALKING	19	0.273931172	0.273931172	0.273931172	0.273931172	0.273931172	0.273931172	1	1	1	1	1	1	1	1	1	1	1	1	1	1	1	1	1	1	1	1	1	1	1	1	1	1	1	1	1	1	1	1	1	1	0.273931172	0.273931172	0.273931172	0.273931172	0.273931172	0.273931172	1	1	1	1	1	1	1	1	1	1	1	1	1	1	1	1	1	1	1	1	1	1	1	1	1	1	1	1	1	1	1	1	1
WALKING_DOWNSTAIRS	19	0.262688054	0.262688054	0.262688054	0.262688054	0.262688054	0.262688054	3	3	3	3	3	3	3	3	3	3	3	3	3	3	3	3	3	3	3	3	3	3	3	3	3	3	3	3	3	3	3	3	3	3	0.262688054	0.262688054	0.262688054	0.262688054	0.262688054	0.262688054	3	3	3	3	3	3	3	3	3	3	3	3	3	3	3	3	3	3	3	3	3	3	3	3	3	3	3	3	3	3	3	3	3
WALKING_UPSTAIRS	19	0.242118809	0.242118809	0.242118809	0.242118809	0.242118809	0.242118809	2	2	2	2	2	2	2	2	2	2	2	2	2	2	2	2	2	2	2	2	2	2	2	2	2	2	2	2	2	2	2	2	2	2	0.242118809	0.242118809	0.242118809	0.242118809	0.242118809	0.242118809	2	2	2	2	2	2	2	2	2	2	2	2	2	2	2	2	2	2	2	2	2	2	2	2	2	2	2	2	2	2	2	2	2
LAYING	20	0.239507882	0.239507882	0.239507882	0.239507882	0.239507882	0.239507882	6	6	6	6	6	6	6	6	6	6	6	6	6	6	6	6	6	6	6	6	6	6	6	6	6	6	6	6	6	6	6	6	6	6	0.239507882	0.239507882	0.239507882	0.239507882	0.239507882	0.239507882	6	6	6	6	6	6	6	6	6	6	6	6	6	6	6	6	6	6	6	6	6	6	6	6	6	6	6	6	6	6	6	6	6
SITTING	20	0.278045439	0.278045439	0.278045439	0.278045439	0.278045439	0.278045439	4	4	4	4	4	4	4	4	4	4	4	4	4	4	4	4	4	4	4	4	4	4	4	4	4	4	4	4	4	4	4	4	4	4	0.278045439	0.278045439	0.278045439	0.278045439	0.278045439	0.278045439	4	4	4	4	4	4	4	4	4	4	4	4	4	4	4	4	4	4	4	4	4	4	4	4	4	4	4	4	4	4	4	4	4
STANDING	20	0.278076905	0.278076905	0.278076905	0.278076905	0.278076905	0.278076905	5	5	5	5	5	5	5	5	5	5	5	5	5	5	5	5	5	5	5	5	5	5	5	5	5	5	5	5	5	5	5	5	5	5	0.278076905	0.278076905	0.278076905	0.278076905	0.278076905	0.278076905	5	5	5	5	5	5	5	5	5	5	5	5	5	5	5	5	5	5	5	5	5	5	5	5	5	5	5	5	5	5	5	5	5
WALKING	20	0.272589336	0.272589336	0.272589336	0.272589336	0.272589336	0.272589336	1	1	1	1	1	1	1	1	1	1	1	1	1	1	1	1	1	1	1	1	1	1	1	1	1	1	1	1	1	1	1	1	1	1	0.272589336	0.272589336	0.272589336	0.272589336	0.272589336	0.272589336	1	1	1	1	1	1	1	1	1	1	1	1	1	1	1	1	1	1	1	1	1	1	1	1	1	1	1	1	1	1	1	1	1
WALKING_DOWNSTAIRS	20	0.296144421	0.296144421	0.296144421	0.296144421	0.296144421	0.296144421	3	3	3	3	3	3	3	3	3	3	3	3	3	3	3	3	3	3	3	3	3	3	3	3	3	3	3	3	3	3	3	3	3	3	0.296144421	0.296144421	0.296144421	0.296144421	0.296144421	0.296144421	3	3	3	3	3	3	3	3	3	3	3	3	3	3	3	3	3	3	3	3	3	3	3	3	3	3	3	3	3	3	3	3	3
WALKING_UPSTAIRS	20	0.252098317	0.252098317	0.252098317	0.252098317	0.252098317	0.252098317	2	2	2	2	2	2	2	2	2	2	2	2	2	2	2	2	2	2	2	2	2	2	2	2	2	2	2	2	2	2	2	2	2	2	0.252098317	0.252098317	0.252098317	0.252098317	0.252098317	0.252098317	2	2	2	2	2	2	2	2	2	2	2	2	2	2	2	2	2	2	2	2	2	2	2	2	2	2	2	2	2	2	2	2	2
LAYING	21	0.271325472	0.271325472	0.271325472	0.271325472	0.271325472	0.271325472	6	6	6	6	6	6	6	6	6	6	6	6	6	6	6	6	6	6	6	6	6	6	6	6	6	6	6	6	6	6	6	6	6	6	0.271325472	0.271325472	0.271325472	0.271325472	0.271325472	0.271325472	6	6	6	6	6	6	6	6	6	6	6	6	6	6	6	6	6	6	6	6	6	6	6	6	6	6	6	6	6	6	6	6	6
SITTING	21	0.277539617	0.277539617	0.277539617	0.277539617	0.277539617	0.277539617	4	4	4	4	4	4	4	4	4	4	4	4	4	4	4	4	4	4	4	4	4	4	4	4	4	4	4	4	4	4	4	4	4	4	0.277539617	0.277539617	0.277539617	0.277539617	0.277539617	0.277539617	4	4	4	4	4	4	4	4	4	4	4	4	4	4	4	4	4	4	4	4	4	4	4	4	4	4	4	4	4	4	4	4	4
STANDING	21	0.276952243	0.276952243	0.276952243	0.276952243	0.276952243	0.276952243	5	5	5	5	5	5	5	5	5	5	5	5	5	5	5	5	5	5	5	5	5	5	5	5	5	5	5	5	5	5	5	5	5	5	0.276952243	0.276952243	0.276952243	0.276952243	0.276952243	0.276952243	5	5	5	5	5	5	5	5	5	5	5	5	5	5	5	5	5	5	5	5	5	5	5	5	5	5	5	5	5	5	5	5	5
WALKING	21	0.279183527	0.279183527	0.279183527	0.279183527	0.279183527	0.279183527	1	1	1	1	1	1	1	1	1	1	1	1	1	1	1	1	1	1	1	1	1	1	1	1	1	1	1	1	1	1	1	1	1	1	0.279183527	0.279183527	0.279183527	0.279183527	0.279183527	0.279183527	1	1	1	1	1	1	1	1	1	1	1	1	1	1	1	1	1	1	1	1	1	1	1	1	1	1	1	1	1	1	1	1	1
WALKING_DOWNSTAIRS	21	0.30146102	0.30146102	0.30146102	0.30146102	0.30146102	0.30146102	3	3	3	3	3	3	3	3	3	3	3	3	3	3	3	3	3	3	3	3	3	3	3	3	3	3	3	3	3	3	3	3	3	3	0.30146102	0.30146102	0.30146102	0.30146102	0.30146102	0.30146102	3	3	3	3	3	3	3	3	3	3	3	3	3	3	3	3	3	3	3	3	3	3	3	3	3	3	3	3	3	3	3	3	3
WALKING_UPSTAIRS	21	0.265194545	0.265194545	0.265194545	0.265194545	0.265194545	0.265194545	2	2	2	2	2	2	2	2	2	2	2	2	2	2	2	2	2	2	2	2	2	2	2	2	2	2	2	2	2	2	2	2	2	2	0.265194545	0.265194545	0.265194545	0.265194545	0.265194545	0.265194545	2	2	2	2	2	2	2	2	2	2	2	2	2	2	2	2	2	2	2	2	2	2	2	2	2	2	2	2	2	2	2	2	2
LAYING	22	0.279959721	0.279959721	0.279959721	0.279959721	0.279959721	0.279959721	6	6	6	6	6	6	6	6	6	6	6	6	6	6	6	6	6	6	6	6	6	6	6	6	6	6	6	6	6	6	6	6	6	6	0.279959721	0.279959721	0.279959721	0.279959721	0.279959721	0.279959721	6	6	6	6	6	6	6	6	6	6	6	6	6	6	6	6	6	6	6	6	6	6	6	6	6	6	6	6	6	6	6	6	6
SITTING	22	0.273583823	0.273583823	0.273583823	0.273583823	0.273583823	0.273583823	4	4	4	4	4	4	4	4	4	4	4	4	4	4	4	4	4	4	4	4	4	4	4	4	4	4	4	4	4	4	4	4	4	4	0.273583823	0.273583823	0.273583823	0.273583823	0.273583823	0.273583823	4	4	4	4	4	4	4	4	4	4	4	4	4	4	4	4	4	4	4	4	4	4	4	4	4	4	4	4	4	4	4	4	4
STANDING	22	0.279053862	0.279053862	0.279053862	0.279053862	0.279053862	0.279053862	5	5	5	5	5	5	5	5	5	5	5	5	5	5	5	5	5	5	5	5	5	5	5	5	5	5	5	5	5	5	5	5	5	5	0.279053862	0.279053862	0.279053862	0.279053862	0.279053862	0.279053862	5	5	5	5	5	5	5	5	5	5	5	5	5	5	5	5	5	5	5	5	5	5	5	5	5	5	5	5	5	5	5	5	5
WALKING	22	0.27886459	0.27886459	0.27886459	0.27886459	0.27886459	0.27886459	1	1	1	1	1	1	1	1	1	1	1	1	1	1	1	1	1	1	1	1	1	1	1	1	1	1	1	1	1	1	1	1	1	1	0.27886459	0.27886459	0.27886459	0.27886459	0.27886459	0.27886459	1	1	1	1	1	1	1	1	1	1	1	1	1	1	1	1	1	1	1	1	1	1	1	1	1	1	1	1	1	1	1	1	1
WALKING_DOWNSTAIRS	22	0.284458964	0.284458964	0.284458964	0.284458964	0.284458964	0.284458964	3	3	3	3	3	3	3	3	3	3	3	3	3	3	3	3	3	3	3	3	3	3	3	3	3	3	3	3	3	3	3	3	3	3	0.284458964	0.284458964	0.284458964	0.284458964	0.284458964	0.284458964	3	3	3	3	3	3	3	3	3	3	3	3	3	3	3	3	3	3	3	3	3	3	3	3	3	3	3	3	3	3	3	3	3
WALKING_UPSTAIRS	22	0.248391535	0.248391535	0.248391535	0.248391535	0.248391535	0.248391535	2	2	2	2	2	2	2	2	2	2	2	2	2	2	2	2	2	2	2	2	2	2	2	2	2	2	2	2	2	2	2	2	2	2	0.248391535	0.248391535	0.248391535	0.248391535	0.248391535	0.248391535	2	2	2	2	2	2	2	2	2	2	2	2	2	2	2	2	2	2	2	2	2	2	2	2	2	2	2	2	2	2	2	2	2
LAYING	23	0.274038008	0.274038008	0.274038008	0.274038008	0.274038008	0.274038008	6	6	6	6	6	6	6	6	6	6	6	6	6	6	6	6	6	6	6	6	6	6	6	6	6	6	6	6	6	6	6	6	6	6	0.274038008	0.274038008	0.274038008	0.274038008	0.274038008	0.274038008	6	6	6	6	6	6	6	6	6	6	6	6	6	6	6	6	6	6	6	6	6	6	6	6	6	6	6	6	6	6	6	6	6
SITTING	23	0.273351252	0.273351252	0.273351252	0.273351252	0.273351252	0.273351252	4	4	4	4	4	4	4	4	4	4	4	4	4	4	4	4	4	4	4	4	4	4	4	4	4	4	4	4	4	4	4	4	4	4	0.273351252	0.273351252	0.273351252	0.273351252	0.273351252	0.273351252	4	4	4	4	4	4	4	4	4	4	4	4	4	4	4	4	4	4	4	4	4	4	4	4	4	4	4	4	4	4	4	4	4
STANDING	23	0.277899323	0.277899323	0.277899323	0.277899323	0.277899323	0.277899323	5	5	5	5	5	5	5	5	5	5	5	5	5	5	5	5	5	5	5	5	5	5	5	5	5	5	5	5	5	5	5	5	5	5	0.277899323	0.277899323	0.277899323	0.277899323	0.277899323	0.277899323	5	5	5	5	5	5	5	5	5	5	5	5	5	5	5	5	5	5	5	5	5	5	5	5	5	5	5	5	5	5	5	5	5
WALKING	23	0.273211884	0.273211884	0.273211884	0.273211884	0.273211884	0.273211884	1	1	1	1	1	1	1	1	1	1	1	1	1	1	1	1	1	1	1	1	1	1	1	1	1	1	1	1	1	1	1	1	1	1	0.273211884	0.273211884	0.273211884	0.273211884	0.273211884	0.273211884	1	1	1	1	1	1	1	1	1	1	1	1	1	1	1	1	1	1	1	1	1	1	1	1	1	1	1	1	1	1	1	1	1
WALKING_DOWNSTAIRS	23	0.289897411	0.289897411	0.289897411	0.289897411	0.289897411	0.289897411	3	3	3	3	3	3	3	3	3	3	3	3	3	3	3	3	3	3	3	3	3	3	3	3	3	3	3	3	3	3	3	3	3	3	0.289897411	0.289897411	0.289897411	0.289897411	0.289897411	0.289897411	3	3	3	3	3	3	3	3	3	3	3	3	3	3	3	3	3	3	3	3	3	3	3	3	3	3	3	3	3	3	3	3	3
WALKING_UPSTAIRS	23	0.249995171	0.249995171	0.249995171	0.249995171	0.249995171	0.249995171	2	2	2	2	2	2	2	2	2	2	2	2	2	2	2	2	2	2	2	2	2	2	2	2	2	2	2	2	2	2	2	2	2	2	0.249995171	0.249995171	0.249995171	0.249995171	0.249995171	0.249995171	2	2	2	2	2	2	2	2	2	2	2	2	2	2	2	2	2	2	2	2	2	2	2	2	2	2	2	2	2	2	2	2	2
LAYING	24	0.272850495	0.272850495	0.272850495	0.272850495	0.272850495	0.272850495	6	6	6	6	6	6	6	6	6	6	6	6	6	6	6	6	6	6	6	6	6	6	6	6	6	6	6	6	6	6	6	6	6	6	0.272850495	0.272850495	0.272850495	0.272850495	0.272850495	0.272850495	6	6	6	6	6	6	6	6	6	6	6	6	6	6	6	6	6	6	6	6	6	6	6	6	6	6	6	6	6	6	6	6	6
SITTING	24	0.27347569	0.27347569	0.27347569	0.27347569	0.27347569	0.27347569	4	4	4	4	4	4	4	4	4	4	4	4	4	4	4	4	4	4	4	4	4	4	4	4	4	4	4	4	4	4	4	4	4	4	0.27347569	0.27347569	0.27347569	0.27347569	0.27347569	0.27347569	4	4	4	4	4	4	4	4	4	4	4	4	4	4	4	4	4	4	4	4	4	4	4	4	4	4	4	4	4	4	4	4	4
STANDING	24	0.280348884	0.280348884	0.280348884	0.280348884	0.280348884	0.280348884	5	5	5	5	5	5	5	5	5	5	5	5	5	5	5	5	5	5	5	5	5	5	5	5	5	5	5	5	5	5	5	5	5	5	0.280348884	0.280348884	0.280348884	0.280348884	0.280348884	0.280348884	5	5	5	5	5	5	5	5	5	5	5	5	5	5	5	5	5	5	5	5	5	5	5	5	5	5	5	5	5	5	5	5	5
WALKING	24	0.276980816	0.276980816	0.276980816	0.276980816	0.276980816	0.276980816	1	1	1	1	1	1	1	1	1	1	1	1	1	1	1	1	1	1	1	1	1	1	1	1	1	1	1	1	1	1	1	1	1	1	0.276980816	0.276980816	0.276980816	0.276980816	0.276980816	0.276980816	1	1	1	1	1	1	1	1	1	1	1	1	1	1	1	1	1	1	1	1	1	1	1	1	1	1	1	1	1	1	1	1	1
WALKING_DOWNSTAIRS	24	0.288631209	0.288631209	0.288631209	0.288631209	0.288631209	0.288631209	3	3	3	3	3	3	3	3	3	3	3	3	3	3	3	3	3	3	3	3	3	3	3	3	3	3	3	3	3	3	3	3	3	3	0.288631209	0.288631209	0.288631209	0.288631209	0.288631209	0.288631209	3	3	3	3	3	3	3	3	3	3	3	3	3	3	3	3	3	3	3	3	3	3	3	3	3	3	3	3	3	3	3	3	3
WALKING_UPSTAIRS	24	0.269881107	0.269881107	0.269881107	0.269881107	0.269881107	0.269881107	2	2	2	2	2	2	2	2	2	2	2	2	2	2	2	2	2	2	2	2	2	2	2	2	2	2	2	2	2	2	2	2	2	2	0.269881107	0.269881107	0.269881107	0.269881107	0.269881107	0.269881107	2	2	2	2	2	2	2	2	2	2	2	2	2	2	2	2	2	2	2	2	2	2	2	2	2	2	2	2	2	2	2	2	2
LAYING	25	0.250791829	0.250791829	0.250791829	0.250791829	0.250791829	0.250791829	6	6	6	6	6	6	6	6	6	6	6	6	6	6	6	6	6	6	6	6	6	6	6	6	6	6	6	6	6	6	6	6	6	6	0.250791829	0.250791829	0.250791829	0.250791829	0.250791829	0.250791829	6	6	6	6	6	6	6	6	6	6	6	6	6	6	6	6	6	6	6	6	6	6	6	6	6	6	6	6	6	6	6	6	6
SITTING	25	0.278541482	0.278541482	0.278541482	0.278541482	0.278541482	0.278541482	4	4	4	4	4	4	4	4	4	4	4	4	4	4	4	4	4	4	4	4	4	4	4	4	4	4	4	4	4	4	4	4	4	4	0.278541482	0.278541482	0.278541482	0.278541482	0.278541482	0.278541482	4	4	4	4	4	4	4	4	4	4	4	4	4	4	4	4	4	4	4	4	4	4	4	4	4	4	4	4	4	4	4	4	4
STANDING	25	0.278013702	0.278013702	0.278013702	0.278013702	0.278013702	0.278013702	5	5	5	5	5	5	5	5	5	5	5	5	5	5	5	5	5	5	5	5	5	5	5	5	5	5	5	5	5	5	5	5	5	5	0.278013702	0.278013702	0.278013702	0.278013702	0.278013702	0.278013702	5	5	5	5	5	5	5	5	5	5	5	5	5	5	5	5	5	5	5	5	5	5	5	5	5	5	5	5	5	5	5	5	5
WALKING	25	0.278992759	0.278992759	0.278992759	0.278992759	0.278992759	0.278992759	1	1	1	1	1	1	1	1	1	1	1	1	1	1	1	1	1	1	1	1	1	1	1	1	1	1	1	1	1	1	1	1	1	1	0.278992759	0.278992759	0.278992759	0.278992759	0.278992759	0.278992759	1	1	1	1	1	1	1	1	1	1	1	1	1	1	1	1	1	1	1	1	1	1	1	1	1	1	1	1	1	1	1	1	1
WALKING_DOWNSTAIRS	25	0.291329666	0.291329666	0.291329666	0.291329666	0.291329666	0.291329666	3	3	3	3	3	3	3	3	3	3	3	3	3	3	3	3	3	3	3	3	3	3	3	3	3	3	3	3	3	3	3	3	3	3	0.291329666	0.291329666	0.291329666	0.291329666	0.291329666	0.291329666	3	3	3	3	3	3	3	3	3	3	3	3	3	3	3	3	3	3	3	3	3	3	3	3	3	3	3	3	3	3	3	3	3
WALKING_UPSTAIRS	25	0.277995411	0.277995411	0.277995411	0.277995411	0.277995411	0.277995411	2	2	2	2	2	2	2	2	2	2	2	2	2	2	2	2	2	2	2	2	2	2	2	2	2	2	2	2	2	2	2	2	2	2	0.277995411	0.277995411	0.277995411	0.277995411	0.277995411	0.277995411	2	2	2	2	2	2	2	2	2	2	2	2	2	2	2	2	2	2	2	2	2	2	2	2	2	2	2	2	2	2	2	2	2
LAYING	26	0.271645865	0.271645865	0.271645865	0.271645865	0.271645865	0.271645865	6	6	6	6	6	6	6	6	6	6	6	6	6	6	6	6	6	6	6	6	6	6	6	6	6	6	6	6	6	6	6	6	6	6	0.271645865	0.271645865	0.271645865	0.271645865	0.271645865	0.271645865	6	6	6	6	6	6	6	6	6	6	6	6	6	6	6	6	6	6	6	6	6	6	6	6	6	6	6	6	6	6	6	6	6
SITTING	26	0.25824353	0.25824353	0.25824353	0.25824353	0.25824353	0.25824353	4	4	4	4	4	4	4	4	4	4	4	4	4	4	4	4	4	4	4	4	4	4	4	4	4	4	4	4	4	4	4	4	4	4	0.25824353	0.25824353	0.25824353	0.25824353	0.25824353	0.25824353	4	4	4	4	4	4	4	4	4	4	4	4	4	4	4	4	4	4	4	4	4	4	4	4	4	4	4	4	4	4	4	4	4
STANDING	26	0.281127035	0.281127035	0.281127035	0.281127035	0.281127035	0.281127035	5	5	5	5	5	5	5	5	5	5	5	5	5	5	5	5	5	5	5	5	5	5	5	5	5	5	5	5	5	5	5	5	5	5	0.281127035	0.281127035	0.281127035	0.281127035	0.281127035	0.281127035	5	5	5	5	5	5	5	5	5	5	5	5	5	5	5	5	5	5	5	5	5	5	5	5	5	5	5	5	5	5	5	5	5
WALKING	26	0.279264444	0.279264444	0.279264444	0.279264444	0.279264444	0.279264444	1	1	1	1	1	1	1	1	1	1	1	1	1	1	1	1	1	1	1	1	1	1	1	1	1	1	1	1	1	1	1	1	1	1	0.279264444	0.279264444	0.279264444	0.279264444	0.279264444	0.279264444	1	1	1	1	1	1	1	1	1	1	1	1	1	1	1	1	1	1	1	1	1	1	1	1	1	1	1	1	1	1	1	1	1
WALKING_DOWNSTAIRS	26	0.279284583	0.279284583	0.279284583	0.279284583	0.279284583	0.279284583	3	3	3	3	3	3	3	3	3	3	3	3	3	3	3	3	3	3	3	3	3	3	3	3	3	3	3	3	3	3	3	3	3	3	0.279284583	0.279284583	0.279284583	0.279284583	0.279284583	0.279284583	3	3	3	3	3	3	3	3	3	3	3	3	3	3	3	3	3	3	3	3	3	3	3	3	3	3	3	3	3	3	3	3	3
WALKING_UPSTAIRS	26	0.272691395	0.272691395	0.272691395	0.272691395	0.272691395	0.272691395	2	2	2	2	2	2	2	2	2	2	2	2	2	2	2	2	2	2	2	2	2	2	2	2	2	2	2	2	2	2	2	2	2	2	0.272691395	0.272691395	0.272691395	0.272691395	0.272691395	0.272691395	2	2	2	2	2	2	2	2	2	2	2	2	2	2	2	2	2	2	2	2	2	2	2	2	2	2	2	2	2	2	2	2	2
LAYING	27	0.274102492	0.274102492	0.274102492	0.274102492	0.274102492	0.274102492	6	6	6	6	6	6	6	6	6	6	6	6	6	6	6	6	6	6	6	6	6	6	6	6	6	6	6	6	6	6	6	6	6	6	0.274102492	0.274102492	0.274102492	0.274102492	0.274102492	0.274102492	6	6	6	6	6	6	6	6	6	6	6	6	6	6	6	6	6	6	6	6	6	6	6	6	6	6	6	6	6	6	6	6	6
SITTING	27	0.273941303	0.273941303	0.273941303	0.273941303	0.273941303	0.273941303	4	4	4	4	4	4	4	4	4	4	4	4	4	4	4	4	4	4	4	4	4	4	4	4	4	4	4	4	4	4	4	4	4	4	0.273941303	0.273941303	0.273941303	0.273941303	0.273941303	0.273941303	4	4	4	4	4	4	4	4	4	4	4	4	4	4	4	4	4	4	4	4	4	4	4	4	4	4	4	4	4	4	4	4	4
STANDING	27	0.279566922	0.279566922	0.279566922	0.279566922	0.279566922	0.279566922	5	5	5	5	5	5	5	5	5	5	5	5	5	5	5	5	5	5	5	5	5	5	5	5	5	5	5	5	5	5	5	5	5	5	0.279566922	0.279566922	0.279566922	0.279566922	0.279566922	0.279566922	5	5	5	5	5	5	5	5	5	5	5	5	5	5	5	5	5	5	5	5	5	5	5	5	5	5	5	5	5	5	5	5	5
WALKING	27	0.276849485	0.276849485	0.276849485	0.276849485	0.276849485	0.276849485	1	1	1	1	1	1	1	1	1	1	1	1	1	1	1	1	1	1	1	1	1	1	1	1	1	1	1	1	1	1	1	1	1	1	0.276849485	0.276849485	0.276849485	0.276849485	0.276849485	0.276849485	1	1	1	1	1	1	1	1	1	1	1	1	1	1	1	1	1	1	1	1	1	1	1	1	1	1	1	1	1	1	1	1	1
WALKING_DOWNSTAIRS	27	0.297544188	0.297544188	0.297544188	0.297544188	0.297544188	0.297544188	3	3	3	3	3	3	3	3	3	3	3	3	3	3	3	3	3	3	3	3	3	3	3	3	3	3	3	3	3	3	3	3	3	3	0.297544188	0.297544188	0.297544188	0.297544188	0.297544188	0.297544188	3	3	3	3	3	3	3	3	3	3	3	3	3	3	3	3	3	3	3	3	3	3	3	3	3	3	3	3	3	3	3	3	3
WALKING_UPSTAIRS	27	0.265770254	0.265770254	0.265770254	0.265770254	0.265770254	0.265770254	2	2	2	2	2	2	2	2	2	2	2	2	2	2	2	2	2	2	2	2	2	2	2	2	2	2	2	2	2	2	2	2	2	2	0.265770254	0.265770254	0.265770254	0.265770254	0.265770254	0.265770254	2	2	2	2	2	2	2	2	2	2	2	2	2	2	2	2	2	2	2	2	2	2	2	2	2	2	2	2	2	2	2	2	2
LAYING	28	0.275913483	0.275913483	0.275913483	0.275913483	0.275913483	0.275913483	6	6	6	6	6	6	6	6	6	6	6	6	6	6	6	6	6	6	6	6	6	6	6	6	6	6	6	6	6	6	6	6	6	6	0.275913483	0.275913483	0.275913483	0.275913483	0.275913483	0.275913483	6	6	6	6	6	6	6	6	6	6	6	6	6	6	6	6	6	6	6	6	6	6	6	6	6	6	6	6	6	6	6	6	6
SITTING	28	0.276977629	0.276977629	0.276977629	0.276977629	0.276977629	0.276977629	4	4	4	4	4	4	4	4	4	4	4	4	4	4	4	4	4	4	4	4	4	4	4	4	4	4	4	4	4	4	4	4	4	4	0.276977629	0.276977629	0.276977629	0.276977629	0.276977629	0.276977629	4	4	4	4	4	4	4	4	4	4	4	4	4	4	4	4	4	4	4	4	4	4	4	4	4	4	4	4	4	4	4	4	4
STANDING	28	0.277795069	0.277795069	0.277795069	0.277795069	0.277795069	0.277795069	5	5	5	5	5	5	5	5	5	5	5	5	5	5	5	5	5	5	5	5	5	5	5	5	5	5	5	5	5	5	5	5	5	5	0.277795069	0.277795069	0.277795069	0.277795069	0.277795069	0.277795069	5	5	5	5	5	5	5	5	5	5	5	5	5	5	5	5	5	5	5	5	5	5	5	5	5	5	5	5	5	5	5	5	5
WALKING	28	0.281228224	0.281228224	0.281228224	0.281228224	0.281228224	0.281228224	1	1	1	1	1	1	1	1	1	1	1	1	1	1	1	1	1	1	1	1	1	1	1	1	1	1	1	1	1	1	1	1	1	1	0.281228224	0.281228224	0.281228224	0.281228224	0.281228224	0.281228224	1	1	1	1	1	1	1	1	1	1	1	1	1	1	1	1	1	1	1	1	1	1	1	1	1	1	1	1	1	1	1	1	1
WALKING_DOWNSTAIRS	28	0.293642077	0.293642077	0.293642077	0.293642077	0.293642077	0.293642077	3	3	3	3	3	3	3	3	3	3	3	3	3	3	3	3	3	3	3	3	3	3	3	3	3	3	3	3	3	3	3	3	3	3	0.293642077	0.293642077	0.293642077	0.293642077	0.293642077	0.293642077	3	3	3	3	3	3	3	3	3	3	3	3	3	3	3	3	3	3	3	3	3	3	3	3	3	3	3	3	3	3	3	3	3
WALKING_UPSTAIRS	28	0.262005842	0.262005842	0.262005842	0.262005842	0.262005842	0.262005842	2	2	2	2	2	2	2	2	2	2	2	2	2	2	2	2	2	2	2	2	2	2	2	2	2	2	2	2	2	2	2	2	2	2	0.262005842	0.262005842	0.262005842	0.262005842	0.262005842	0.262005842	2	2	2	2	2	2	2	2	2	2	2	2	2	2	2	2	2	2	2	2	2	2	2	2	2	2	2	2	2	2	2	2	2
LAYING	29	0.287295197	0.287295197	0.287295197	0.287295197	0.287295197	0.287295197	6	6	6	6	6	6	6	6	6	6	6	6	6	6	6	6	6	6	6	6	6	6	6	6	6	6	6	6	6	6	6	6	6	6	0.287295197	0.287295197	0.287295197	0.287295197	0.287295197	0.287295197	6	6	6	6	6	6	6	6	6	6	6	6	6	6	6	6	6	6	6	6	6	6	6	6	6	6	6	6	6	6	6	6	6
SITTING	29	0.277179978	0.277179978	0.277179978	0.277179978	0.277179978	0.277179978	4	4	4	4	4	4	4	4	4	4	4	4	4	4	4	4	4	4	4	4	4	4	4	4	4	4	4	4	4	4	4	4	4	4	0.277179978	0.277179978	0.277179978	0.277179978	0.277179978	0.277179978	4	4	4	4	4	4	4	4	4	4	4	4	4	4	4	4	4	4	4	4	4	4	4	4	4	4	4	4	4	4	4	4	4
STANDING	29	0.277965066	0.277965066	0.277965066	0.277965066	0.277965066	0.277965066	5	5	5	5	5	5	5	5	5	5	5	5	5	5	5	5	5	5	5	5	5	5	5	5	5	5	5	5	5	5	5	5	5	5	0.277965066	0.277965066	0.277965066	0.277965066	0.277965066	0.277965066	5	5	5	5	5	5	5	5	5	5	5	5	5	5	5	5	5	5	5	5	5	5	5	5	5	5	5	5	5	5	5	5	5
WALKING	29	0.271999917	0.271999917	0.271999917	0.271999917	0.271999917	0.271999917	1	1	1	1	1	1	1	1	1	1	1	1	1	1	1	1	1	1	1	1	1	1	1	1	1	1	1	1	1	1	1	1	1	1	0.271999917	0.271999917	0.271999917	0.271999917	0.271999917	0.271999917	1	1	1	1	1	1	1	1	1	1	1	1	1	1	1	1	1	1	1	1	1	1	1	1	1	1	1	1	1	1	1	1	1
WALKING_DOWNSTAIRS	29	0.293140441	0.293140441	0.293140441	0.293140441	0.293140441	0.293140441	3	3	3	3	3	3	3	3	3	3	3	3	3	3	3	3	3	3	3	3	3	3	3	3	3	3	3	3	3	3	3	3	3	3	0.293140441	0.293140441	0.293140441	0.293140441	0.293140441	0.293140441	3	3	3	3	3	3	3	3	3	3	3	3	3	3	3	3	3	3	3	3	3	3	3	3	3	3	3	3	3	3	3	3	3
WALKING_UPSTAIRS	29	0.265423067	0.265423067	0.265423067	0.265423067	0.265423067	0.265423067	2	2	2	2	2	2	2	2	2	2	2	2	2	2	2	2	2	2	2	2	2	2	2	2	2	2	2	2	2	2	2	2	2	2	0.265423067	0.265423067	0.265423067	0.265423067	0.265423067	0.265423067	2	2	2	2	2	2	2	2	2	2	2	2	2	2	2	2	2	2	2	2	2	2	2	2	2	2	2	2	2	2	2	2	2
LAYING	30	0.281033901	0.281033901	0.281033901	0.281033901	0.281033901	0.281033901	6	6	6	6	6	6	6	6	6	6	6	6	6	6	6	6	6	6	6	6	6	6	6	6	6	6	6	6	6	6	6	6	6	6	0.281033901	0.281033901	0.281033901	0.281033901	0.281033901	0.281033901	6	6	6	6	6	6	6	6	6	6	6	6	6	6	6	6	6	6	6	6	6	6	6	6	6	6	6	6	6	6	6	6	6
SITTING	30	0.268336081	0.268336081	0.268336081	0.268336081	0.268336081	0.268336081	4	4	4	4	4	4	4	4	4	4	4	4	4	4	4	4	4	4	4	4	4	4	4	4	4	4	4	4	4	4	4	4	4	4	0.268336081	0.268336081	0.268336081	0.268336081	0.268336081	0.268336081	4	4	4	4	4	4	4	4	4	4	4	4	4	4	4	4	4	4	4	4	4	4	4	4	4	4	4	4	4	4	4	4	4
STANDING	30	0.277112699	0.277112699	0.277112699	0.277112699	0.277112699	0.277112699	5	5	5	5	5	5	5	5	5	5	5	5	5	5	5	5	5	5	5	5	5	5	5	5	5	5	5	5	5	5	5	5	5	5	0.277112699	0.277112699	0.277112699	0.277112699	0.277112699	0.277112699	5	5	5	5	5	5	5	5	5	5	5	5	5	5	5	5	5	5	5	5	5	5	5	5	5	5	5	5	5	5	5	5	5
WALKING	30	0.276406758	0.276406758	0.276406758	0.276406758	0.276406758	0.276406758	1	1	1	1	1	1	1	1	1	1	1	1	1	1	1	1	1	1	1	1	1	1	1	1	1	1	1	1	1	1	1	1	1	1	0.276406758	0.276406758	0.276406758	0.276406758	0.276406758	0.276406758	1	1	1	1	1	1	1	1	1	1	1	1	1	1	1	1	1	1	1	1	1	1	1	1	1	1	1	1	1	1	1	1	1
WALKING_DOWNSTAIRS	30	0.283190647	0.283190647	0.283190647	0.283190647	0.283190647	0.283190647	3	3	3	3	3	3	3	3	3	3	3	3	3	3	3	3	3	3	3	3	3	3	3	3	3	3	3	3	3	3	3	3	3	3	0.283190647	0.283190647	0.283190647	0.283190647	0.283190647	0.283190647	3	3	3	3	3	3	3	3	3	3	3	3	3	3	3	3	3	3	3	3	3	3	3	3	3	3	3	3	3	3	3	3	3
WALKING_UPSTAIRS	30	0.271415642	0.271415642	0.271415642	0.271415642	0.271415642	0.271415642	2	2	2	2	2	2	2	2	2	2	2	2	2	2	2	2	2	2	2	2	2	2	2	2	2	2	2	2	2	2	2	2	2	2	0.271415642	0.271415642	0.271415642	0.271415642	0.271415642	0.271415642	2	2	2	2	2	2	2	2	2	2	2	2	2	2	2	2	2	2	2	2	2	2	2	2	2	2	2	2	2	2	2	2	2
